1	300000
2	40379559.12
3	80459118.24
4	120538677.4
5	160618236.5
6	200697795.6
7	240777354.7
8	280856913.8
9	320936472.9
10	361016032.1
11	401095591.2
12	441175150.3
13	481254709.4
14	521334268.5
15	561413827.7
16	601493386.8
17	641572945.9
18	681652505
19	721732064.1
20	761811623.2
21	801891182.4
22	841970741.5
23	882050300.6
24	922129859.7
25	962209418.8
26	1002288978
27	1042368537
28	1082448096
29	1122527655
30	1162607214
31	1202686774
32	1242766333
33	1282845892
34	1322925451
35	1363005010
36	1403084569
37	1443164128
38	1483243687
39	1523323246
40	1563402806
41	1603482365
42	1643561924
43	1683641483
44	1723721042
45	1763800601
46	1803880160
47	1843959719
48	1884039279
49	1924118838
50	1964198397
51	2004277956
52	2044357515
53	2084437074
54	2124516633
55	2164596192
56	2204675752
57	2244755311
58	2284834870
59	2324914429
60	2364993988
61	2405073547
62	2445153106
63	2485232665
64	2525312224
65	2565391784
66	2605471343
67	2645550902
68	2685630461
69	2725710020
70	2765789579
71	2805869138
72	2845948697
73	2886028257
74	2926107816
75	2966187375
76	3006266934
77	3046346493
78	3086426052
79	3126505611
80	3166585170
81	3206664729
82	3246744289
83	3286823848
84	3326903407
85	3366982966
86	3407062525
87	3447142084
88	3487221643
89	3527301202
90	3567380762
91	3607460321
92	3647539880
93	3687619439
94	3727698998
95	3767778557
96	3807858116
97	3847937675
98	3888017234
99	3928096794
100	3968176353
101	4008255912
102	4048335471
103	4088415030
104	4128494589
105	4168574148
106	4208653707
107	4248733267
108	4288812826
109	4328892385
110	4368971944
111	4409051503
112	4449131062
113	4489210621
114	4529290180
115	4569369739
116	4609449299
117	4649528858
118	4689608417
119	4729687976
120	4769767535
121	4809847094
122	4849926653
123	4890006212
124	4930085772
125	4970165331
126	5010244890
127	5050324449
128	5090404008
129	5130483567
130	5170563126
131	5210642685
132	5250722244
133	5290801804
134	5330881363
135	5370960922
136	5411040481
137	5451120040
138	5491199599
139	5531279158
140	5571358717
141	5611438277
142	5651517836
143	5691597395
144	5731676954
145	5771756513
146	5811836072
147	5851915631
148	5891995190
149	5932074749
150	5972154309
151	6012233868
152	6052313427
153	6092392986
154	6132472545
155	6172552104
156	6212631663
157	6252711222
158	6292790782
159	6332870341
160	6372949900
161	6413029459
162	6453109018
163	6493188577
164	6533268136
165	6573347695
166	6613427255
167	6653506814
168	6693586373
169	6733665932
170	6773745491
171	6813825050
172	6853904609
173	6893984168
174	6934063727
175	6974143287
176	7014222846
177	7054302405
178	7094381964
179	7134461523
180	7174541082
181	7214620641
182	7254700200
183	7294779760
184	7334859319
185	7374938878
186	7415018437
187	7455097996
188	7495177555
189	7535257114
190	7575336673
191	7615416232
192	7655495792
193	7695575351
194	7735654910
195	7775734469
196	7815814028
197	7855893587
198	7895973146
199	7936052705
200	7976132265
201	8016211824
202	8056291383
203	8096370942
204	8136450501
205	8176530060
206	8216609619
207	8256689178
208	8296768737
209	8336848297
210	8376927856
211	8417007415
212	8457086974
213	8497166533
214	8537246092
215	8577325651
216	8617405210
217	8657484770
218	8697564329
219	8737643888
220	8777723447
221	8817803006
222	8857882565
223	8897962124
224	8938041683
225	8978121242
226	9018200802
227	9058280361
228	9098359920
229	9138439479
230	9178519038
231	9218598597
232	9258678156
233	9298757715
234	9338837275
235	9378916834
236	9418996393
237	9459075952
238	9499155511
239	9539235070
240	9579314629
241	9619394188
242	9659473747
243	9699553307
244	9739632866
245	9779712425
246	9819791984
247	9859871543
248	9899951102
249	9940030661
250	9980110220
251	10020189780
252	10060269339
253	10100348898
254	10140428457
255	10180508016
256	10220587575
257	10260667134
258	10300746693
259	10340826253
260	10380905812
261	10420985371
262	10461064930
263	10501144489
264	10541224048
265	10581303607
266	10621383166
267	10661462725
268	10701542285
269	10741621844
270	10781701403
271	10821780962
272	10861860521
273	10901940080
274	10942019639
275	10982099198
276	11022178758
277	11062258317
278	11102337876
279	11142417435
280	11182496994
281	11222576553
282	11262656112
283	11302735671
284	11342815230
285	11382894790
286	11422974349
287	11463053908
288	11503133467
289	11543213026
290	11583292585
291	11623372144
292	11663451703
293	11703531263
294	11743610822
295	11783690381
296	11823769940
297	11863849499
298	11903929058
299	11944008617
300	11984088176
301	12024167735
302	12064247295
303	12104326854
304	12144406413
305	12184485972
306	12224565531
307	12264645090
308	12304724649
309	12344804208
310	12384883768
311	12424963327
312	12465042886
313	12505122445
314	12545202004
315	12585281563
316	12625361122
317	12665440681
318	12705520240
319	12745599800
320	12785679359
321	12825758918
322	12865838477
323	12905918036
324	12945997595
325	12986077154
326	13026156713
327	13066236273
328	13106315832
329	13146395391
330	13186474950
331	13226554509
332	13266634068
333	13306713627
334	13346793186
335	13386872745
336	13426952305
337	13467031864
338	13507111423
339	13547190982
340	13587270541
341	13627350100
342	13667429659
343	13707509218
344	13747588778
345	13787668337
346	13827747896
347	13867827455
348	13907907014
349	13947986573
350	13988066132
351	14028145691
352	14068225251
353	14108304810
354	14148384369
355	14188463928
356	14228543487
357	14268623046
358	14308702605
359	14348782164
360	14388861723
361	14428941283
362	14469020842
363	14509100401
364	14549179960
365	14589259519
366	14629339078
367	14669418637
368	14709498196
369	14749577756
370	14789657315
371	14829736874
372	14869816433
373	14909895992
374	14949975551
375	14990055110
376	15030134669
377	15070214228
378	15110293788
379	15150373347
380	15190452906
381	15230532465
382	15270612024
383	15310691583
384	15350771142
385	15390850701
386	15430930261
387	15471009820
388	15511089379
389	15551168938
390	15591248497
391	15631328056
392	15671407615
393	15711487174
394	15751566733
395	15791646293
396	15831725852
397	15871805411
398	15911884970
399	15951964529
400	15992044088
401	16032123647
402	16072203206
403	16112282766
404	16152362325
405	16192441884
406	16232521443
407	16272601002
408	16312680561
409	16352760120
410	16392839679
411	16432919238
412	16472998798
413	16513078357
414	16553157916
415	16593237475
416	16633317034
417	16673396593
418	16713476152
419	16753555711
420	16793635271
421	16833714830
422	16873794389
423	16913873948
424	16953953507
425	16994033066
426	17034112625
427	17074192184
428	17114271743
429	17154351303
430	17194430862
431	17234510421
432	17274589980
433	17314669539
434	17354749098
435	17394828657
436	17434908216
437	17474987776
438	17515067335
439	17555146894
440	17595226453
441	17635306012
442	17675385571
443	17715465130
444	17755544689
445	17795624248
446	17835703808
447	17875783367
448	17915862926
449	17955942485
450	17996022044
451	18036101603
452	18076181162
453	18116260721
454	18156340281
455	18196419840
456	18236499399
457	18276578958
458	18316658517
459	18356738076
460	18396817635
461	18436897194
462	18476976754
463	18517056313
464	18557135872
465	18597215431
466	18637294990
467	18677374549
468	18717454108
469	18757533667
470	18797613226
471	18837692786
472	18877772345
473	18917851904
474	18957931463
475	18998011022
476	19038090581
477	19078170140
478	19118249699
479	19158329259
480	19198408818
481	19238488377
482	19278567936
483	19318647495
484	19358727054
485	19398806613
486	19438886172
487	19478965731
488	19519045291
489	19559124850
490	19599204409
491	19639283968
492	19679363527
493	19719443086
494	19759522645
495	19799602204
496	19839681764
497	19879761323
498	19919840882
499	19959920441
500	20000000000
